50
1000
504
386
247
347
992
107
720
578
275
224
931
139
311
65
726
64
587
534
627
861
277
398
901
22
102
837
163
690
740
347
692
744
264
179
972
945
754
178
502
231
553
825
74
348
31
803
561
310
605
203
15
146
195
440
607
382
658
258
429
403
422
34
968
731
102
125
711
247
421
266
110
764
110
364
537
583
972
473
144
983
80
132
419
834
318
616
192
874
602
614
963
81
207
785
461
915
176
8
840
692
475
963
729
50
682
290
471
187
436
427
380
418
820
858
730
62
968
157
311
795
933
417
276
845
624
743
162
442
712
579
454
344
74
215
183
576
141
251
517
593
176
832
116
103
465
885
321
357
912
953
493
984
554
986
440
278
882
406
8
536
229
631
441
732
60
84
471
70
120
703
106
231
625
49
841
998
487
988
595
479
133
10
673
129
435
610
712
125
403
156
38
195
150
925
715
79
560
756
698
108
921
533
695
463
733
486
915
376
959
913
438
580
297
226
892
159
607
81
980
56
365
497
701
733
965
186
977
233
78
69
375
43
841
671
227
41
598
975
641
124
247
906
602
509
587
311
670
617
238
159
315
441
622
287
620
541
457
185
654
274
406
144
959
538
849
475
975
643
67
395
196
370
625
952
24
809
331
865
94
55
256
643
118
575
480
501
524
788
778
121
264
443
480
60
241
337
439
882
467
183
203
52
163
323
123
307
200
417
609
378
429
105
29
999
44
683
458
234
853
721
448
1
47
907
756
715
958
193
477
723
950
196
752
600
999
502
679
427
649
964
717
920
882
944
149
265
774
380
595
935
614
364
515
802
268
763
834
123
486
473
890
408
537
683
209
816
567
971
755
272
684
778
399
221
998
59
112
682
11
282
541
708
528
821
395
700
751
802
602
421
72
785
205
312
59
571
214
828
676
339
185
305
336
347
847
359
496
251
14
458
716
862
999
241
186
973
569
679
807
976
860
865
140
585
784
10
605
180
463
652
470
293
400
727
966
856
469
999
969
862
712
608
409
591
817
341
589
547
883
923
540
397
856
599
987
106
818
351
590
62
28
655
36
297
128
474
422
880
426
460
721
782
732
582
97
565
827
938
144
279
250
887
80
178
590
351
853
428
99
455
151
162
965
326
334
663
464
754
343
228
252
416
623
979
131
98
349
344
613
846
596
986
183
460
576
54
511
968
850
637
483
409
983
887
82
273
966
944
570
207
393
866
308
657
259
195
566
381
220
649
135
466
937
27
256
106
439
689
745
955
192
903
426
503
807
270
867
224
473
307
973
280
262
156
795
864
86
256
291
855
559
127
410
86
726
842
879
721
867
444
942
400
346
169
216
599
63
574
488
259
738
697
730
622
123
458
735
533
432
530
628
448
469
890
828
113
699
648
594
473
316
606
660
743
574
996
741
226
54
223
866
346
351
137
799
385
483
754
762
584
104
927
264
127
847
675
534
309
1
972
475
497
35
159
445
312
84
414
953
952
269
337
135
572
8
891
437
225
331
726
794
752
711
441
950
62
380
681
889
552
416
886
961
435
528
480
520
322
494
841
636
313
291
429
113
610
814
607
732
766
454
749
433
199
573
840
272
387
709
805
467
843
135
311
324
429
90
408
628
343
57
701
943
349
657
474
366
20
281
174
140
136
122
592
494
899
881
970
645
47
106
333
758
70
223
174
668
360
42
175
659
757
904
729
856
603
998
376
608
250
560
95
414
966
703
254
241
949
235
225
85
418
490
19
536
937
920
483
160
75
959
14
20
908
104
973
888
588
667
200
837
563
980
114
672
625
751
359
922
869
644
308
208
915
182
238
955
339
105
22
874
464
442
243
263
958
836
257
456
320
808
937
199
649
204
592
100
217
911
996
465
994
988
700
926
156
149
135
454
453
298
424
873
845
883
417
228
650
450
22
38
319
356
43
125
546
841
664
248
814
553
179
550
14
322
959
287
259
760
941
385
648
428
96
126
347
929
549
667
919
938
714
948
304
967
134
655
111
674
242
198
295
373
87
537
39
343
960
99
385
799
120
315
874
295
223
663
530
252
745
548
750
701
96
329
269
395
219
884
624
56
87
933
974
787
357
2
998
618
116
610
358
377
833
798
435
410
139
117
226
317
108
55
551
779
469
157
476
109
305
590
485
819
270
733
433
1
23
737
475
660
389
61
41
862
94
833
525
622
119
416
771
844
902
357
314
83
219
775
622
376
793
460
677
130
103
709
225
786
580
750
637
853
50
826
36
183
690
636
222
955
816
393
468
576
320
532
918
238
273
