25
198
157
462
779
6
98
316
450
901
372
941
94
366
781
23
16
200
686
45
311
744
784
842
168
467
214
547
74
14
499
283
981
822
621
140
895
364
185
128
794
18
646
260
419
751
532
743
923
490
478
527
543
60
915
359
90
28
44
907
18
484
718
17
820
592
11
431
657
428
373
3
58
618
7
60
980
508
813
15
568
832
625
300
2
29
6
11
8
198
701
150
500
480
478
878
380
193
367
971
276
846
590
923
961
777
241
16
91
6
419
403
456
982
41
557
204
374
908
45
686
37
681
576
133
16
420
749
454
597
820
279
571
606
461
271
614
933
1000
2
461
16
171
478
92
225
39
899
405
670
581
833
867
880
874
838
246
1
563
23
280
762
211
836
25
439
858
1
368
1
932
945
917
873
100
41
357
373
509
871
386
976
96
272
417
303
334
14
576
99
781
494
159
833
555
502
943
144
10
82
3458
