50
1000
35
93
412
237
801
297
553
1
818
61
19
390
453
690
217
769
13
304
134
753
699
64
989
413
409
713
324
336
959
689
691
139
705
295
838
516
360
646
977
318
752
797
261
985
330
693
256
987
323
738
33
503
109
230
644
157
236
922
66
434
531
894
710
42
320
355
459
763
358
110
386
396
730
24
530
517
88
413
672
561
102
938
34
745
481
490
743
763
63
162
778
131
29
91
70
656
42
752
99
163
899
873
185
971
736
680
677
637
599
122
74
90
120
559
130
320
185
861
821
350
635
698
857
650
508
73
891
974
246
784
989
979
384
87
809
940
971
587
420
606
104
827
630
30
360
75
793
916
188
168
440
358
606
914
882
224
624
833
87
451
523
401
2
787
115
944
711
894
617
922
656
466
905
42
995
302
22
380
830
459
290
432
181
764
154
546
299
468
97
632
359
239
915
908
185
172
389
67
838
353
308
749
920
568
907
245
617
752
985
723
457
263
123
184
654
167
133
450
196
470
246
705
902
883
677
729
691
333
407
121
460
766
355
251
620
40
311
189
969
159
115
168
299
111
151
919
259
327
849
369
606
167
225
787
466
621
513
640
79
478
431
506
105
508
821
198
342
859
987
362
547
224
723
970
388
636
974
172
883
5
589
633
665
805
250
117
523
392
879
72
86
128
327
590
22
419
988
476
76
776
801
220
870
349
873
971
627
13
184
680
207
584
857
224
916
411
671
904
642
521
143
507
88
882
21
245
323
196
47
398
918
855
752
491
483
325
541
361
329
498
813
219
703
376
836
943
79
318
137
92
343
802
889
383
100
884
275
846
71
765
942
324
909
473
671
638
185
409
920
221
981
123
885
229
330
157
696
14
212
712
128
433
473
186
453
421
10
55
984
738
891
753
833
501
728
549
224
326
337
15
184
983
944
233
328
726
72
96
588
244
848
248
492
575
368
321
852
996
652
394
804
769
430
405
792
835
929
83
138
795
787
25
726
966
218
483
367
925
242
592
808
562
862
966
142
973
158
16
316
374
495
981
527
59
825
203
411
276
469
315
277
949
406
943
618
844
978
305
824
12
872
670
404
249
68
915
588
820
992
774
526
169
886
137
544
160
4
250
962
969
486
638
801
732
626
735
149
407
272
980
893
977
17
817
409
7
618
454
640
508
281
28
147
815
575
796
777
431
454
650
933
874
988
915
470
287
369
299
589
568
558
563
524
13
526
913
533
588
377
23
8
237
991
136
57
702
490
904
50
666
151
132
28
71
391
91
108
799
344
459
660
359
697
422
575
47
270
838
705
170
81
71
934
407
42
620
50
502
432
253
945
927
328
119
632
527
517
421
907
652
522
965
296
164
196
238
964
513
146
561
301
976
105
661
256
385
987
463
668
313
609
410
719
783
777
732
647
332
297
241
891
270
660
499
883
487
196
234
445
345
74
817
450
189
234
865
416
349
26
42
441
582
100
255
388
769
777
481
123
388
601
127
380
509
777
437
20
487
252
178
601
448
461
966
190
42
427
68
685
673
990
964
40
876
930
980
336
159
937
112
394
560
942
504
599
265
679
545
523
373
90
919
616
230
44
297
547
887
981
965
167
470
432
461
657
116
226
554
548
263
585
993
174
992
471
875
530
401
430
57
423
545
774
615
506
603
814
329
991
731
135
796
798
123
927
230
164
574
61
792
70
595
608
954
693
483
980
216
63
54
887
364
202
451
81
437
351
215
251
438
516
168
770
881
346
986
76
126
417
713
378
286
552
401
614
757
865
187
207
656
612
792
162
323
555
194
123
398
599
681
397
233
721
676
174
85
947
913
271
701
184
279
762
941
704
201
308
89
353
910
222
794
499
991
158
413
394
1000
723
60
762
890
314
17
262
88
506
47
265
497
927
435
753
670
204
204
608
253
114
799
733
509
273
846
802
994
268
578
79
211
810
526
952
466
322
950
939
356
335
256
868
66
948
969
860
175
338
603
407
779
247
198
564
32
17
37
971
115
443
458
955
988
720
444
345
769
534
424
71
552
404
974
852
452
799
406
153
666
969
443
76
277
948
990
856
342
749
438
821
936
660
86
44
683
195
311
253
663
318
528
124
868
562
779
914
991
200
243
800
367
547
107
193
209
480
344
368
961
175
129
464
778
151
189
123
464
390
398
517
211
65
973
81
615
832
791
884
986
894
438
417
694
624
523
165
544
132
818
773
455
868
38
612
697
403
191
112
386
327
522
343
287
959
704
375
458
647
976
355
246
418
345
69
342
231
163
232
753
448
206
