50
999
521
662
933
330
310
317
794
465
874
750
358
686
655
160
897
169
522
745
592
451
463
623
405
125
729
317
106
521
820
891
954
233
132
401
18
839
111
535
404
454
486
871
694
218
200
17
564
973
570
461
135
132
33
4
714
222
860
716
287
596
795
389
406
893
694
514
647
596
716
328
4
436
106
219
998
896
743
663
162
674
590
663
637
828
438
36
702
767
774
16
832
589
238
578
603
300
414
357
569
200
146
220
479
478
94
365
9
122
719
789
866
553
946
856
462
549
643
44
221
983
20
60
407
746
21
437
223
125
2
716
730
42
975
961
199
94
732
450
215
204
902
118
884
903
383
9
926
371
552
890
235
93
163
583
589
520
952
757
212
116
401
324
325
2
955
594
591
466
838
745
130
87
936
741
762
792
194
45
845
153
713
79
608
196
634
610
771
832
394
925
576
139
379
900
731
225
512
800
15
351
703
854
80
655
402
820
699
950
55
672
692
809
284
276
593
704
556
10
470
524
212
630
289
55
38
332
335
949
592
938
681
521
773
992
835
544
565
876
103
744
855
751
310
548
126
874
625
849
514
573
846
639
327
793
227
668
604
999
18
289
412
330
539
647
933
23
532
4
153
569
113
497
440
687
419
536
286
597
897
155
771
346
196
241
108
184
535
221
919
356
866
522
631
587
942
5
283
743
96
173
685
627
372
608
124
487
663
610
354
9
46
5
301
761
129
484
250
352
10
676
270
453
889
432
832
526
824
845
813
147
401
902
146
316
916
787
688
936
948
669
310
585
790
648
587
179
517
613
415
543
520
645
999
522
374
338
513
396
371
121
861
999
682
890
999
644
843
468
403
234
906
684
729
616
205
467
444
191
771
17
5
369
731
932
13
470
708
3
132
99
692
144
179
57
218
752
821
10
901
127
527
648
10
353
957
584
567
698
958
725
971
124
853
234
212
543
80
182
9
84
767
47
184
469
623
153
285
277
308
634
47
903
393
526
80
880
43
696
666
508
996
110
955
211
415
783
380
803
95
262
304
723
4
725
846
36
503
1
866
657
396
384
728
388
966
348
708
414
803
136
894
178
790
935
159
380
389
891
774
39
719
394
771
298
197
462
834
453
693
35
455
263
918
547
899
241
134
912
379
908
360
350
795
688
347
107
483
390
472
183
9
521
344
350
242
235
81
8
306
513
828
159
333
932
390
770
951
46
838
780
691
132
761
547
350
677
490
577
177
357
968
783
408
874
15
402
332
424
9
815
13
9
8
210
375
741
642
360
873
164
583
138
395
728
905
198
266
991
505
793
527
673
112
77
342
100
838
191
282
57
874
911
70
86
363
812
727
760
733
154
279
385
585
316
880
357
533
563
790
302
913
3
916
942
752
197
847
690
15
302
241
626
408
362
145
690
984
363
380
905
726
913
1
762
502
4
931
223
33
329
558
725
152
719
56
108
12
682
55
460
5
782
790
727
907
936
492
377
593
173
45
989
502
355
488
930
671
379
114
13
193
950
665
238
588
126
369
700
103
595
724
778
784
525
942
244
826
678
624
123
340
692
525
124
129
21
760
438
432
137
226
602
562
1
159
758
929
641
633
570
882
385
751
765
742
830
642
994
960
83
396
859
595
172
834
809
440
234
739
284
121
2
571
7
46
636
609
977
783
602
147
909
688
33
693
852
829
446
746
352
378
19
705
468
994
630
692
736
63
353
672
4
2
860
594
77
359
644
850
455
866
8
537
504
610
688
493
671
949
495
11
240
886
324
407
954
529
531
794
107
9
675
783
791
811
324
502
900
411
919
725
233
829
332
857
962
120
564
9
60
148
204
884
525
98
425
618
806
575
8
715
176
890
87
346
836
672
445
891
598
20
491
8
539
457
2
58
177
270
481
870
835
55
636
835
103
944
750
252
526
766
779
861
649
494
452
984
521
353
843
83
107
746
22
613
997
300
307
671
514
44
333
11
109
93
180
314
526
960
338
577
407
568
852
872
22
34
150
27
9
334
854
298
603
464
976
909
146
473
493
55
484
214
890
847
314
181
318
27
81
488
949
194
4
60
348
767
419
52
613
521
871
40
97
577
506
691
848
885
19
648
703
129
109
397
445
304
897
153
785
313
273
38
310
228
656
440
331
866
488
988
183
82
40
200
245
397
464
605
133
173
181
284
80
728
4
317
54
65
634
520
105
889
189
478
844
46
542
363
15
583
398
353
952
22
890
36
427
120
344
38
105
591
615
386
678
401
759
226
977
286
546
6
518
700
377
411
188
159
9552
