50
1000
822
1000
736
905
13
875
116
189
598
956
183
864
173
481
308
611
276
410
613
462
415
605
833
141
442
778
658
156
418
196
383
572
344
63
371
474
919
379
926
845
692
502
618
737
657
448
260
497
263
959
472
75
825
465
187
876
853
400
791
705
420
578
705
906
965
727
511
661
678
922
409
316
538
855
170
56
424
365
894
324
962
158
449
268
721
138
420
263
144
552
756
800
898
531
917
622
587
192
936
859
277
602
991
373
422
280
846
253
571
96
667
617
775
216
544
576
751
612
828
647
116
890
260
751
83
397
908
419
319
320
147
757
552
278
628
64
594
903
908
513
624
233
333
532
305
936
599
71
803
640
243
524
991
189
808
336
622
987
783
841
425
395
49
462
343
430
283
713
515
93
737
22
433
360
542
915
497
409
662
583
871
440
939
63
161
28
452
910
742
468
242
949
377
874
809
660
927
767
714
581
257
378
793
431
103
459
113
729
930
174
873
714
933
134
133
380
945
760
662
985
287
508
43
640
368
739
484
910
415
52
12
998
657
347
244
859
243
234
520
722
506
752
923
768
290
812
481
345
380
175
277
570
200
367
402
283
787
273
575
579
138
982
512
780
618
939
205
548
67
407
793
517
833
757
738
262
193
546
490
875
559
123
616
638
303
724
33
679
537
464
770
283
34
982
521
790
668
502
216
858
463
455
312
112
677
683
969
163
730
683
22
699
67
918
345
813
597
680
142
301
811
329
893
826
250
314
927
831
25
954
818
662
653
265
312
687
474
138
917
25
293
592
481
603
86
806
564
856
368
434
820
242
346
500
897
849
496
624
768
376
417
656
901
404
641
757
900
81
480
703
702
43
807
341
780
259
61
304
918
610
901
114
410
642
781
699
278
187
335
61
353
268
523
517
355
616
572
427
489
270
974
893
236
407
632
151
411
656
91
254
699
298
813
494
490
149
839
960
149
517
375
179
18
770
239
132
637
958
366
989
931
125
224
670
402
454
164
330
732
115
194
36
215
502
417
845
725
328
158
705
328
448
592
421
490
31
299
904
591
954
597
78
790
190
180
468
10
438
973
305
331
84
800
959
251
493
924
480
920
464
687
215
421
440
492
49
919
610
866
846
253
962
255
353
188
314
25
303
959
663
227
443
729
447
236
907
227
383
239
67
27
142
688
133
635
227
882
638
806
583
88
775
869
787
899
565
858
867
595
363
209
9
390
887
226
626
864
37
134
452
650
967
157
885
950
841
78
501
871
310
412
727
538
205
211
895
999
681
560
371
405
403
828
798
438
84
222
166
605
639
900
796
10
262
753
394
34
274
655
555
726
530
183
782
668
757
436
234
162
933
881
502
461
686
614
44
283
705
57
805
717
305
893
229
960
987
366
281
588
542
143
827
784
880
423
161
937
153
230
837
186
345
614
793
913
99
66
436
199
813
245
94
441
252
510
121
433
115
822
358
333
653
542
449
105
920
389
472
240
805
681
987
644
280
660
579
831
945
201
495
920
515
912
380
989
460
499
701
358
513
78
858
307
283
345
918
373
779
576
127
799
213
271
493
478
515
509
654
518
857
10
115
440
612
476
370
17
333
871
351
958
80
878
914
311
228
237
15
665
377
474
107
699
252
831
138
383
452
344
923
403
705
792
334
309
299
819
224
784
812
594
287
9
825
293
343
462
499
343
770
55
896
992
232
964
152
951
152
67
954
235
622
533
313
403
750
936
149
156
384
132
931
70
780
316
819
241
61
55
524
422
271
888
483
981
411
679
358
415
332
919
942
390
121
597
322
784
491
78
13
455
69
578
355
450
334
199
160
312
198
674
879
906
518
516
148
458
58
249
878
537
391
638
954
479
38
507
13
808
27
128
746
260
218
541
856
619
924
382
15
548
213
499
693
241
589
675
78
846
448
568
268
898
955
769
616
806
637
51
454
351
373
285
190
963
229
105
16
620
940
388
635
236
13
236
474
924
531
866
767
369
916
180
612
18
442
991
212
359
153
922
928
174
304
996
674
375
179
859
137
997
240
282
395
537
553
184
144
593
609
417
306
424
148
449
515
480
852
882
69
107
657
948
148
359
208
48
177
503
290
219
633
87
607
954
942
961
677
263
863
848
457
284
348
27
898
147
368
453
673
97
846
193
428
599
145
292
131
23
269
929
528
932
79
31
935
191
896
556
428
812
553
564
46
796
635
673
869
171
788
182
181
579
880
80
484
122
275
36
724
930
580
385
235
367
636
369
253
911
430
503
385
277
914
496
859
355
587
738
720
