50
900
593
272
651
421
229
529
754
300
788
623
475
920
951
566
248
103
543
915
277
96
726
855
149
560
593
190
499
490
741
976
231
583
858
282
185
614
413
395
330
946
38
320
974
480
496
994
319
215
948
271
744
668
255
41
77
584
241
891
671
306
555
499
963
270
918
792
363
220
709
675
911
925
440
745
20
624
251
579
65
70
262
829
84
18
690
824
701
170
684
108
176
650
840
573
880
976
830
370
717
577
303
203
144
356
643
247
674
678
832
527
312
492
778
584
319
992
364
349
727
820
164
724
543
389
62
113
288
823
516
88
735
670
478
850
839
634
460
505
574
114
289
806
183
593
736
416
852
399
520
571
472
481
803
487
342
80
364
355
576
314
816
652
368
749
887
126
709
724
420
176
788
197
88
59
420
7
295
68
680
190
650
53
261
471
660
27
277
585
556
862
881
696
840
501
965
571
887
319
251
189
671
559
59
850
113
163
163
261
72
902
446
512
133
541
230
767
445
745
969
352
301
462
892
700
479
277
396
151
265
991
757
360
117
678
370
891
249
556
79
776
132
120
805
273
156
751
44
877
676
806
194
1
836
832
295
481
392
371
630
581
911
430
476
738
650
368
175
807
268
385
368
213
757
509
237
83
492
125
36
555
130
101
165
598
296
920
369
789
634
576
54
535
329
952
940
776
466
146
945
732
975
117
962
892
164
43
390
226
254
936
794
993
240
713
692
616
631
735
196
228
633
521
871
570
628
97
97
862
553
968
55
210
385
368
771
143
859
774
134
342
987
732
339
598
703
190
927
517
892
673
727
423
560
602
60
81
801
774
257
623
522
169
727
174
27
338
277
593
357
804
319
349
780
349
421
663
854
813
798
351
306
203
48
985
877
552
573
965
595
783
960
369
561
352
154
812
71
843
435
579
698
435
953
568
498
332
657
13
247
446
693
832
411
585
927
464
137
854
285
874
724
93
893
655
558
683
551
973
794
333
855
326
521
982
536
146
188
959
662
496
263
736
379
964
883
817
262
330
249
18
268
68
511
385
702
361
208
100
917
328
547
55
209
490
229
387
360
29
761
195
473
863
45
213
923
901
287
479
439
558
760
738
991
239
463
41
58
40
607
223
225
562
114
754
596
595
759
269
491
196
270
140
201
644
658
277
697
700
222
356
728
444
5
771
199
750
422
920
615
961
522
83
743
546
337
903
319
639
217
258
111
651
767
664
186
757
833
108
575
436
629
617
185
328
286
37
397
347
197
767
533
111
399
767
296
584
437
129
745
911
679
984
653
683
901
362
785
33
937
914
816
635
270
836
136
326
499
978
877
544
325
602
976
269
443
160
453
654
291
64
170
417
659
148
632
489
699
684
920
121
370
593
901
65
439
474
592
50
706
723
571
669
794
835
89
776
76
696
599
8
935
666
104
473
134
583
768
565
406
493
711
905
724
549
2
655
390
793
11
220
69
522
485
118
732
855
415
974
273
429
675
890
134
280
529
106
1
920
378
57
421
935
438
366
849
289
67
703
551
977
235
426
978
756
886
308
658
579
571
596
579
317
308
414
518
74
548
16
311
904
160
484
857
940
314
987
285
388
252
63
991
90
944
264
51
575
528
69
68
188
284
779
312
146
108
192
582
84
278
894
643
898
418
22
483
111
266
64
945
849
508
750
946
697
547
704
595
132
851
248
167
354
946
699
460
240
254
863
18
856
168
563
810
851
967
709
643
975
835
939
548
276
766
728
186
559
188
366
262
869
917
638
555
242
189
214
699
472
243
690
580
339
976
58
482
937
470
170
993
812
64
567
962
31
76
351
590
543
169
728
637
260
673
909
985
906
714
128
102
949
193
193
270
931
101
184
461
364
256
108
245
189
1000
780
961
827
21
56
92
593
726
251
312
339
949
437
887
56
448
169
205
346
533
339
982
449
114
359
762
750
292
486
160
901
341
16
219
585
918
935
747
374
846
640
672
791
826
478
656
387
581
4
169
916
772
703
49
200
914
219
510
56
929
360
404
959
970
374
164
650
501
757
16
193
462
81
536
215
124
906
